# table produced by calculations.DamageProfiler
# using mapped file HH06D_KD17070846_AH3MKKCCXY_L5_rmdup.bam
# Sample ID: HH06D_KD17070846_AH3MKKCCXY_L5_rmdup.bam
Pos	C>T	G>A	A>C	A>G	A>T	C>A	C>G	G>C	G>T	T>A	T>C	T>G	->ACGT	ACGT>-
14	0.011186	0.065020	0.002024	0.007188	0.001413	0.002907	0.003193	0.002568	0.002530	0.001611	0.007569	0.002189	0.000263	0.000000
13	0.011129	0.068589	0.002056	0.007226	0.001382	0.002923	0.003146	0.002601	0.002522	0.001665	0.007611	0.002234	0.000260	0.000000
12	0.011016	0.072395	0.002041	0.007138	0.001398	0.002939	0.003088	0.002647	0.002555	0.001691	0.007715	0.002192	0.000264	0.000000
11	0.010961	0.076852	0.002032	0.007171	0.001402	0.002931	0.003096	0.002649	0.002576	0.001712	0.007706	0.002158	0.000281	0.000000
10	0.010774	0.080953	0.002128	0.007217	0.001433	0.002955	0.003108	0.002654	0.002602	0.001783	0.007858	0.002193	0.000303	0.000000
9	0.010831	0.087066	0.002194	0.007223	0.001501	0.003088	0.003148	0.002708	0.002622	0.001884	0.007970	0.002229	0.000355	0.000000
8	0.010816	0.097097	0.002149	0.006886	0.001534	0.003427	0.003243	0.002729	0.002664	0.002117	0.008152	0.002310	0.000455	0.000000
7	0.010995	0.109790	0.002185	0.006756	0.001763	0.003814	0.003418	0.002809	0.002918	0.002475	0.007939	0.002385	0.000621	0.000000
6	0.011088	0.122526	0.002603	0.006759	0.002376	0.003872	0.003389	0.003265	0.003509	0.002673	0.008347	0.002268	0.000709	0.000000
5	0.011033	0.137531	0.003142	0.007373	0.003025	0.004378	0.003676	0.003659	0.004094	0.003221	0.008543	0.002623	0.000755	0.000000
4	0.011254	0.156451	0.003660	0.007470	0.003967	0.004751	0.003886	0.004201	0.004863	0.003582	0.009048	0.002817	0.000376	0.000000
3	0.010781	0.163088	0.004580	0.008590	0.004213	0.005055	0.004408	0.004637	0.004459	0.004095	0.010023	0.003436	0.000239	0.000000
2	0.011093	0.181925	0.005027	0.008251	0.005269	0.005365	0.004008	0.004996	0.005222	0.004554	0.010395	0.003216	0.000119	0.000000
1	0.010763	0.201875	0.005460	0.008019	0.005478	0.005316	0.003534	0.006119	0.006195	0.004952	0.010728	0.003219	0.000054	0.000000
0	0.013057	0.256549	0.009300	0.010568	0.011665	0.003644	0.003321	0.006431	0.007795	0.002972	0.011168	0.002596	0.000000	0.000000
