# table produced by calculations.DamageProfiler
# using mapped file HH06D_KD17070846_AH3MKKCCXY_L5_rmdup.bam
# Sample ID: HH06D_KD17070846_AH3MKKCCXY_L5_rmdup.bam
Pos	C>T	G>A	A>C	A>G	A>T	C>A	C>G	G>C	G>T	T>A	T>C	T>G	->ACGT	ACGT>-
0	0.025626	0.009718	0.001766	0.007815	0.001488	0.005478	0.005524	0.002268	0.001989	0.004787	0.009574	0.005661	0.000000	0.000000
1	0.029337	0.007580	0.002040	0.008441	0.002193	0.004282	0.005249	0.002218	0.002829	0.002359	0.006775	0.003382	0.000009	0.000000
2	0.020032	0.008050	0.002124	0.008089	0.001801	0.003432	0.004042	0.002593	0.002848	0.002176	0.007231	0.003049	0.000026	0.000000
3	0.018690	0.008353	0.002023	0.007659	0.001597	0.003154	0.003632	0.002658	0.002802	0.001881	0.007182	0.002696	0.000059	0.000000
4	0.018211	0.008551	0.001834	0.007335	0.001450	0.003150	0.003670	0.002487	0.002859	0.001681	0.006634	0.002511	0.000112	0.000000
5	0.017155	0.008343	0.001845	0.007265	0.001423	0.003033	0.003464	0.002508	0.002947	0.001519	0.006574	0.002345	0.000130	0.000000
6	0.015632	0.008044	0.001777	0.007544	0.001366	0.002813	0.003431	0.002478	0.002703	0.001418	0.006460	0.002269	0.000132	0.000000
7	0.015712	0.007915	0.001977	0.007463	0.001488	0.002614	0.003167	0.002643	0.002895	0.001271	0.006599	0.002090	0.000131	0.000000
8	0.015198	0.007689	0.002024	0.007933	0.001481	0.002464	0.003239	0.002516	0.002781	0.001256	0.006764	0.002206	0.000135	0.000000
9	0.014209	0.007576	0.001981	0.007893	0.001367	0.002495	0.003186	0.002465	0.002560	0.001336	0.007013	0.002299	0.000142	0.000000
10	0.013735	0.007605	0.001940	0.007779	0.001317	0.002511	0.003197	0.002502	0.002548	0.001329	0.007098	0.002312	0.000155	0.000000
11	0.013554	0.007675	0.002027	0.007709	0.001364	0.002536	0.003196	0.002468	0.002545	0.001321	0.007191	0.002306	0.000153	0.000000
12	0.013282	0.007752	0.002000	0.007774	0.001339	0.002502	0.003151	0.002542	0.002599	0.001327	0.007090	0.002274	0.000155	0.000000
13	0.013305	0.007876	0.001963	0.007670	0.001355	0.002538	0.003177	0.002534	0.002553	0.001322	0.007109	0.002277	0.000157	0.000000
14	0.013290	0.007947	0.001972	0.007706	0.001337	0.002483	0.003165	0.002524	0.002593	0.001325	0.007132	0.002312	0.000171	0.000000
