# table produced by calculations.DamageProfiler
# using mapped file COD076E1bL1_rmdup.bam
# Sample ID: COD076E1bL1_rmdup.bam
Pos	C>T	G>A	A>C	A>G	A>T	C>A	C>G	G>C	G>T	T>A	T>C	T>G	->ACGT	ACGT>-
14	0.011867	0.019894	0.000907	0.002010	0.000910	0.001421	0.000788	0.000730	0.001333	0.000962	0.001991	0.000944	0.000161	0.000000
13	0.011753	0.020613	0.001107	0.001987	0.000920	0.001532	0.000851	0.000809	0.001332	0.000997	0.002025	0.000958	0.000164	0.000000
12	0.011489	0.021296	0.000951	0.002032	0.000875	0.001422	0.000828	0.000746	0.001328	0.001022	0.002007	0.000971	0.000160	0.000000
11	0.011451	0.022228	0.001016	0.001987	0.000873	0.001457	0.000885	0.000813	0.001292	0.001033	0.002071	0.001000	0.000164	0.000000
10	0.011166	0.023549	0.000986	0.002002	0.000863	0.001470	0.000831	0.000774	0.001287	0.001000	0.002045	0.001012	0.000162	0.000000
9	0.010943	0.025236	0.001121	0.001978	0.000903	0.001480	0.000879	0.000839	0.001364	0.001040	0.002131	0.000980	0.000154	0.000000
8	0.010714	0.027919	0.001036	0.002006	0.000902	0.001583	0.000861	0.000799	0.001374	0.001114	0.002120	0.001014	0.000143	0.000000
7	0.010506	0.031190	0.001028	0.001917	0.000914	0.001679	0.000932	0.000844	0.001413	0.001059	0.002142	0.000996	0.000143	0.000000
6	0.010067	0.035687	0.000913	0.001829	0.000948	0.001770	0.000883	0.000835	0.001570	0.001097	0.001940	0.000929	0.000131	0.000000
5	0.008413	0.041428	0.001153	0.001921	0.001003	0.001770	0.000930	0.000979	0.001634	0.001054	0.002084	0.000937	0.000122	0.000000
4	0.007054	0.050393	0.001119	0.002063	0.001161	0.001984	0.000943	0.000936	0.001848	0.001112	0.002031	0.000917	0.000073	0.000000
3	0.004649	0.064025	0.001201	0.001994	0.001175	0.001908	0.001102	0.001076	0.001724	0.001201	0.002307	0.001068	0.000043	0.000000
2	0.004202	0.074370	0.001185	0.002399	0.001230	0.002160	0.001357	0.000920	0.001737	0.001488	0.002377	0.001390	0.000022	0.000000
1	0.004166	0.091224	0.002087	0.002863	0.001843	0.001856	0.001392	0.001476	0.001888	0.001425	0.003110	0.001339	0.000007	0.000000
0	0.009402	0.144135	0.001487	0.003068	0.001541	0.003964	0.002221	0.001191	0.001762	0.002055	0.003569	0.001877	0.000000	0.000000
