# table produced by calculations.DamageProfiler
# using mapped file COD076E1bL1_rmdup.bam
# Sample ID: COD076E1bL1_rmdup.bam
Pos	C>T	G>A	A>C	A>G	A>T	C>A	C>G	G>C	G>T	T>A	T>C	T>G	->ACGT	ACGT>-
0	0.143687	0.007973	0.001781	0.003861	0.002065	0.001687	0.001226	0.001999	0.003908	0.001566	0.002899	0.001595	0.000000	0.000000
1	0.091044	0.003950	0.001370	0.003269	0.001311	0.001904	0.001484	0.001306	0.001899	0.001824	0.002720	0.002120	0.000010	0.000000
2	0.075164	0.003963	0.001347	0.002473	0.001355	0.001690	0.000978	0.001230	0.002197	0.001326	0.002436	0.001187	0.000028	0.000000
3	0.064995	0.004298	0.000999	0.002451	0.001089	0.001768	0.001112	0.001000	0.001982	0.001152	0.001985	0.001223	0.000062	0.000000
4	0.051584	0.006107	0.000876	0.002089	0.000990	0.001807	0.000943	0.000859	0.002002	0.001181	0.002024	0.001107	0.000108	0.000000
5	0.043021	0.007164	0.000872	0.002227	0.000975	0.001556	0.001038	0.000887	0.001820	0.000989	0.001850	0.001068	0.000113	0.000000
6	0.037392	0.008636	0.000897	0.002034	0.000983	0.001513	0.000826	0.000820	0.001755	0.000948	0.001770	0.000895	0.000112	0.000000
7	0.032882	0.008856	0.000922	0.002149	0.000949	0.001370	0.000859	0.000879	0.001684	0.000840	0.001795	0.001004	0.000119	0.000000
8	0.029623	0.008893	0.000974	0.002151	0.000974	0.001309	0.000798	0.000785	0.001577	0.000840	0.001923	0.000978	0.000115	0.000000
9	0.026955	0.009108	0.000948	0.002183	0.000928	0.001319	0.000813	0.000807	0.001463	0.000895	0.001870	0.001026	0.000119	0.000000
10	0.025274	0.009296	0.000988	0.002166	0.000998	0.001288	0.000811	0.000834	0.001473	0.000911	0.001980	0.001020	0.000114	0.000000
11	0.024019	0.009401	0.000928	0.002139	0.000913	0.001217	0.000817	0.000812	0.001435	0.000860	0.001911	0.000960	0.000125	0.000000
12	0.023448	0.009434	0.001006	0.002056	0.000953	0.001275	0.000754	0.000787	0.001412	0.000907	0.001970	0.000961	0.000119	0.000000
13	0.022483	0.009756	0.000944	0.002025	0.000891	0.001255	0.000763	0.000791	0.001404	0.000868	0.001847	0.000981	0.000129	0.000000
14	0.021944	0.009812	0.000889	0.001984	0.000908	0.001308	0.000687	0.000709	0.001392	0.000858	0.001944	0.000918	0.000122	0.000000
