# table produced by calculations.DamageProfiler
# using mapped file COD076E1bL1_rmdup.bam
# Sample ID: COD076E1bL1_rmdup.bam
Pos	C>T	G>A	A>C	A>G	A>T	C>A	C>G	G>C	G>T	T>A	T>C	T>G	->ACGT	ACGT>-
0	0.143630	0.007976	0.001784	0.003868	0.002065	0.001692	0.001230	0.002000	0.003907	0.001569	0.002898	0.001595	0.000000	0.000000
1	0.091002	0.003945	0.001373	0.003281	0.001305	0.001914	0.001486	0.001312	0.001897	0.001827	0.002729	0.002125	0.000010	0.000000
2	0.075129	0.003962	0.001344	0.002472	0.001358	0.001684	0.000981	0.001228	0.002197	0.001320	0.002437	0.001182	0.000031	0.000000
3	0.064974	0.004298	0.000994	0.002450	0.001093	0.001768	0.001116	0.000995	0.001984	0.001158	0.001986	0.001230	0.000068	0.000000
4	0.051570	0.006111	0.000879	0.002091	0.000989	0.001804	0.000944	0.000865	0.002005	0.001183	0.002029	0.001113	0.000122	0.000000
5	0.043006	0.007167	0.000880	0.002233	0.000978	0.001573	0.001039	0.000887	0.001825	0.000986	0.001854	0.001069	0.000127	0.000000
6	0.037398	0.008634	0.000906	0.002038	0.000990	0.001527	0.000828	0.000823	0.001762	0.000945	0.001779	0.000898	0.000124	0.000000
7	0.032875	0.008854	0.000934	0.002157	0.000950	0.001383	0.000865	0.000882	0.001688	0.000848	0.001804	0.001003	0.000132	0.000000
8	0.029617	0.008902	0.000987	0.002155	0.000979	0.001322	0.000811	0.000782	0.001590	0.000839	0.001930	0.000983	0.000126	0.000000
9	0.026945	0.009105	0.000943	0.002187	0.000928	0.001325	0.000815	0.000808	0.001470	0.000896	0.001873	0.001030	0.000131	0.000000
10	0.025258	0.009279	0.000993	0.002168	0.001004	0.001288	0.000810	0.000834	0.001485	0.000918	0.001984	0.001017	0.000127	0.000000
11	0.024018	0.009395	0.000930	0.002149	0.000920	0.001215	0.000821	0.000818	0.001453	0.000867	0.001915	0.000971	0.000137	0.000000
12	0.023453	0.009438	0.001011	0.002068	0.000965	0.001279	0.000750	0.000780	0.001424	0.000910	0.001976	0.000963	0.000129	0.000000
13	0.022476	0.009753	0.000942	0.002031	0.000894	0.001256	0.000764	0.000796	0.001425	0.000873	0.001855	0.000990	0.000139	0.000000
14	0.021939	0.009820	0.000894	0.001985	0.000913	0.001317	0.000691	0.000705	0.001400	0.000864	0.001952	0.000920	0.000133	0.000000