# table produced by calculations.DamageProfiler
# using mapped file COD076E1bL1_rmdup.bam
# Sample ID: COD076E1bL1_rmdup.bam
Pos	C>T	G>A	A>C	A>G	A>T	C>A	C>G	G>C	G>T	T>A	T>C	T>G	->ACGT	ACGT>-
0	0.143623	0.007977	0.001782	0.003867	0.002061	0.001693	0.001227	0.001999	0.003912	0.001570	0.002898	0.001596	0.000000	0.000000
1	0.091018	0.003954	0.001370	0.003272	0.001311	0.001903	0.001487	0.001307	0.001890	0.001819	0.002730	0.002126	0.000010	0.000000
2	0.075133	0.003969	0.001341	0.002474	0.001353	0.001689	0.000983	0.001228	0.002192	0.001313	0.002437	0.001178	0.000031	0.000000
3	0.064979	0.004292	0.000992	0.002451	0.001086	0.001772	0.001105	0.000991	0.001976	0.001151	0.001993	0.001224	0.000068	0.000000
4	0.051563	0.006112	0.000880	0.002091	0.000991	0.001814	0.000941	0.000863	0.002003	0.001185	0.002029	0.001112	0.000122	0.000000
5	0.043010	0.007172	0.000885	0.002229	0.000975	0.001566	0.001038	0.000890	0.001825	0.000988	0.001855	0.001076	0.000128	0.000000
6	0.037394	0.008633	0.000901	0.002038	0.000991	0.001519	0.000831	0.000828	0.001758	0.000948	0.001781	0.000898	0.000124	0.000000
7	0.032870	0.008859	0.000924	0.002149	0.000949	0.001376	0.000865	0.000884	0.001701	0.000843	0.001804	0.001008	0.000132	0.000000
8	0.029618	0.008892	0.000992	0.002159	0.000976	0.001317	0.000805	0.000787	0.001586	0.000836	0.001928	0.000975	0.000126	0.000000
9	0.026953	0.009112	0.000947	0.002186	0.000927	0.001340	0.000818	0.000806	0.001471	0.000902	0.001870	0.001023	0.000131	0.000000
10	0.025270	0.009296	0.001000	0.002168	0.000993	0.001292	0.000811	0.000839	0.001481	0.000915	0.001984	0.001026	0.000127	0.000000
11	0.024017	0.009404	0.000934	0.002147	0.000921	0.001225	0.000822	0.000816	0.001441	0.000860	0.001920	0.000959	0.000137	0.000000
12	0.023443	0.009442	0.001007	0.002071	0.000958	0.001276	0.000756	0.000786	0.001415	0.000911	0.001974	0.000966	0.000130	0.000000
13	0.022475	0.009761	0.000948	0.002036	0.000897	0.001247	0.000764	0.000797	0.001414	0.000871	0.001854	0.000981	0.000139	0.000000
14	0.021941	0.009821	0.000900	0.001986	0.000912	0.001312	0.000692	0.000706	0.001399	0.000868	0.001948	0.000920	0.000132	0.000000