# table produced by calculations.DamageProfiler
# using mapped file ERR8958796_rmdup.bam
# Sample ID: ERR8958796_rmdup.bam
Pos	C>T	G>A	A>C	A>G	A>T	C>A	C>G	G>C	G>T	T>A	T>C	T>G	->ACGT	ACGT>-
14	0.000394	0.000547	0.000343	0.000555	0.001084	0.001822	0.000553	0.000240	0.001283	0.000784	0.000516	0.000248	0.000015	0.000000
13	0.000473	0.000552	0.000319	0.000414	0.001182	0.001668	0.000345	0.000284	0.001392	0.000727	0.000554	0.000252	0.000019	0.000000
12	0.000496	0.000523	0.000312	0.000479	0.001214	0.001502	0.000562	0.000223	0.001278	0.000634	0.000580	0.000285	0.000015	0.000000
11	0.000475	0.000637	0.000322	0.000475	0.001272	0.001641	0.000550	0.000288	0.001460	0.000813	0.000733	0.000246	0.000047	0.000000
10	0.000583	0.000491	0.000338	0.000570	0.001337	0.001784	0.000557	0.000299	0.001184	0.000672	0.000642	0.000306	0.000044	0.000000
9	0.000544	0.000791	0.000398	0.000528	0.001188	0.001612	0.000549	0.000352	0.001393	0.000884	0.000690	0.000328	0.000056	0.000000
8	0.000680	0.000650	0.000462	0.000623	0.001245	0.002030	0.000592	0.000305	0.001477	0.000858	0.000723	0.000339	0.000063	0.000000
7	0.000699	0.000606	0.000470	0.000569	0.001525	0.001889	0.000746	0.000497	0.001460	0.000824	0.000878	0.000368	0.000091	0.000000
6	0.000697	0.000832	0.000478	0.000681	0.001502	0.001940	0.000744	0.000368	0.001675	0.000938	0.000695	0.000476	0.000145	0.000000
5	0.000622	0.000781	0.000626	0.000863	0.001464	0.002131	0.000857	0.000473	0.001743	0.000955	0.000955	0.000581	0.000106	0.000000
4	0.000827	0.001202	0.000504	0.000819	0.001503	0.002382	0.000864	0.000682	0.002040	0.001011	0.001011	0.000643	0.000048	0.000000
3	0.000955	0.001232	0.000674	0.000927	0.001835	0.002346	0.001062	0.000805	0.002086	0.001189	0.001299	0.000500	0.000043	0.000000
2	0.001208	0.001458	0.000719	0.001092	0.001727	0.002222	0.001429	0.000917	0.002209	0.001315	0.001325	0.000965	0.000030	0.000000
1	0.001185	0.001913	0.001012	0.001142	0.001783	0.002769	0.001723	0.001047	0.002330	0.001543	0.002178	0.000954	0.000008	0.000000
0	0.001523	0.149445	0.000962	0.001477	0.001553	0.004222	0.002366	0.000846	0.001486	0.001630	0.003281	0.001114	0.000000	0.000000
