# table produced by calculations.DamageProfiler
# using mapped file ERR8958796_rmdup.bam
# Sample ID: ERR8958796_rmdup.bam
Pos	C>T	G>A	A>C	A>G	A>T	C>A	C>G	G>C	G>T	T>A	T>C	T>G	->ACGT	ACGT>-
0	0.145593	0.001423	0.000797	0.004265	0.001550	0.001469	0.000914	0.002905	0.003757	0.003490	0.001143	0.001100	0.000000	0.000000
1	0.001832	0.001249	0.000831	0.002048	0.002665	0.002557	0.001142	0.001901	0.002528	0.004559	0.001023	0.001088	0.000009	0.000000
2	0.001124	0.001091	0.000816	0.001382	0.002291	0.002784	0.000917	0.001184	0.002258	0.002351	0.000939	0.001065	0.000020	0.000000
3	0.001107	0.000787	0.000535	0.001128	0.002211	0.002389	0.000844	0.000815	0.002171	0.002033	0.000763	0.000852	0.000025	0.000000
4	0.001004	0.000746	0.000480	0.000878	0.001941	0.002166	0.000700	0.000702	0.002116	0.001958	0.000804	0.000770	0.000056	0.000000
5	0.000972	0.000629	0.000535	0.000872	0.001601	0.002607	0.000689	0.000634	0.001833	0.002118	0.000709	0.000729	0.000064	0.000000
6	0.000903	0.000652	0.000513	0.000632	0.001615	0.002263	0.000627	0.000527	0.001866	0.001557	0.000639	0.000734	0.000057	0.000000
7	0.000731	0.000564	0.000461	0.000655	0.001471	0.002059	0.000591	0.000632	0.001983	0.001706	0.000629	0.000554	0.000056	0.000000
8	0.000843	0.000721	0.000454	0.000667	0.001358	0.001924	0.000604	0.000520	0.001833	0.001471	0.000563	0.000593	0.000053	0.000000
9	0.000835	0.000481	0.000399	0.000640	0.001285	0.001950	0.000514	0.000465	0.001742	0.001328	0.000576	0.000652	0.000016	0.000000
10	0.000780	0.000482	0.000383	0.000662	0.001408	0.001823	0.000512	0.000482	0.001665	0.001095	0.000522	0.000542	0.000021	0.000000
11	0.000807	0.000499	0.000327	0.000754	0.001269	0.001502	0.000467	0.000392	0.001648	0.000987	0.000557	0.000516	0.000011	0.000000
12	0.000620	0.000477	0.000367	0.000592	0.001282	0.001647	0.000491	0.000421	0.001473	0.000909	0.000555	0.000449	0.000008	0.000000
13	0.000759	0.000450	0.000250	0.000618	0.001275	0.001760	0.000434	0.000305	0.001443	0.000980	0.000435	0.000435	0.000005	0.000000
14	0.000643	0.000458	0.000305	0.000571	0.001261	0.001642	0.000449	0.000314	0.001441	0.000764	0.000607	0.000476	0.000009	0.000000
