# table produced by calculations.DamageProfiler
# using mapped file ERR2112579_rmdup.bam
# Sample ID: ERR2112579_rmdup.bam
Pos	C>T	G>A	A>C	A>G	A>T	C>A	C>G	G>C	G>T	T>A	T>C	T>G	->ACGT	ACGT>-
14	0.000000	0.000000	0.000000	0.000000	0.000000	0.000000	0.000000	0.000000	0.000000	0.000000	0.000000	0.000000	0.000000	0.000000
13	0.000000	0.000000	0.000000	0.000000	0.000000	0.000000	0.000000	0.000000	0.000000	0.000000	0.000000	0.000000	0.000000	0.000000
12	0.000000	0.010309	0.000000	0.000000	0.000000	0.000000	0.000000	0.000000	0.000000	0.000000	0.000000	0.000000	0.000000	0.000000
11	0.000000	0.000000	0.000000	0.000000	0.000000	0.000000	0.000000	0.000000	0.000000	0.000000	0.008621	0.000000	0.000000	0.000000
10	0.000000	0.000000	0.000000	0.000000	0.000000	0.000000	0.000000	0.000000	0.000000	0.000000	0.000000	0.000000	0.000000	0.000000
9	0.000000	0.000000	0.000000	0.000000	0.000000	0.000000	0.000000	0.000000	0.000000	0.000000	0.000000	0.000000	0.000000	0.000000
8	0.000000	0.013333	0.000000	0.000000	0.000000	0.000000	0.000000	0.000000	0.000000	0.000000	0.000000	0.000000	0.000000	0.000000
7	0.000000	0.000000	0.000000	0.000000	0.000000	0.000000	0.000000	0.000000	0.010753	0.000000	0.000000	0.000000	0.002421	0.000000
6	0.000000	0.000000	0.000000	0.000000	0.000000	0.000000	0.000000	0.000000	0.000000	0.000000	0.016949	0.000000	0.002421	0.000000
5	0.010753	0.000000	0.000000	0.000000	0.009804	0.000000	0.000000	0.000000	0.037975	0.000000	0.000000	0.007143	0.000000	0.000000
4	0.000000	0.000000	0.026549	0.000000	0.000000	0.000000	0.000000	0.047059	0.000000	0.000000	0.008547	0.000000	0.000000	0.000000
3	0.000000	0.033333	0.000000	0.000000	0.000000	0.000000	0.000000	0.000000	0.000000	0.052083	0.000000	0.000000	0.000000	0.000000
2	0.000000	0.000000	0.000000	0.040650	0.000000	0.000000	0.025316	0.009091	0.000000	0.000000	0.009804	0.068627	0.000000	0.000000
1	0.065217	0.010870	0.000000	0.000000	0.026087	0.043478	0.043478	0.000000	0.032609	0.008696	0.000000	0.008696	0.000000	0.000000
0	0.024390	0.016667	0.034188	0.025641	0.008547	0.000000	0.032520	0.066667	0.033333	0.008772	0.043860	0.052632	0.000000	0.000000
