# table produced by calculations.DamageProfiler
# using mapped file ERR2112579_rmdup.bam
# Sample ID: ERR2112579_rmdup.bam
Pos	C>T	G>A	A>C	A>G	A>T	C>A	C>G	G>C	G>T	T>A	T>C	T>G	->ACGT	ACGT>-
0	0.958904	0.000000	0.016129	0.000000	0.983871	0.000000	0.000000	0.000000	1.000000	0.000000	0.000000	0.000000	0.000000	0.000000
1	0.000000	0.000000	0.969697	0.000000	0.000000	0.000000	0.000000	1.000000	0.000000	0.015152	0.984848	0.000000	0.004854	0.000000
2	0.000000	0.982143	0.000000	0.000000	0.000000	1.000000	0.000000	0.000000	0.017857	0.972222	0.000000	0.000000	0.012255	0.000000
3	0.970588	0.000000	0.000000	0.000000	0.962264	0.029412	0.000000	0.000000	1.000000	0.000000	0.000000	0.000000	0.000000	0.000000
4	0.000000	0.971831	0.000000	0.000000	0.000000	1.000000	0.000000	0.000000	0.028169	0.966102	0.000000	0.000000	0.104000	0.000000
5	0.957143	0.000000	0.000000	0.000000	1.000000	0.000000	0.042857	0.000000	0.985075	0.000000	0.000000	0.000000	0.000000	0.000000
6	0.000000	0.000000	0.000000	0.970588	0.000000	0.000000	1.000000	0.000000	0.006993	0.000000	0.000000	1.000000	0.044199	0.000000
7	0.149425	0.000000	0.000000	0.000000	0.000000	0.000000	0.000000	0.008850	0.000000	0.000000	0.000000	0.000000	0.002488	0.000000
8	0.000000	0.000000	0.000000	0.000000	0.000000	0.000000	0.000000	0.000000	0.000000	0.000000	0.000000	0.000000	0.000000	0.000000
9	0.000000	0.000000	0.000000	0.000000	0.000000	0.000000	0.000000	0.000000	0.000000	0.000000	0.000000	0.000000	0.000000	0.000000
10	0.000000	0.000000	0.000000	0.000000	0.000000	0.000000	0.000000	0.000000	0.000000	0.000000	0.000000	0.000000	0.000000	0.000000
11	0.000000	0.000000	0.000000	0.000000	0.000000	0.000000	0.000000	0.000000	0.000000	0.007407	0.000000	0.000000	0.000000	0.000000
12	0.000000	0.000000	0.000000	0.000000	0.000000	0.000000	0.000000	0.000000	0.000000	0.000000	0.008000	0.000000	0.000000	0.000000
13	0.000000	0.000000	0.000000	0.000000	0.000000	0.000000	0.000000	0.000000	0.000000	0.000000	0.000000	0.000000	0.000000	0.000000
14	0.000000	0.000000	0.000000	0.000000	0.000000	0.000000	0.000000	0.000000	0.000000	0.000000	0.000000	0.000000	0.000000	0.000000
