# table produced by calculations.DamageProfiler
# using mapped file BIN032.A0101.SG1_rmdup.bam
# Sample ID: BIN032.A0101.SG1_rmdup.bam
Pos	C>T	G>A	A>C	A>G	A>T	C>A	C>G	G>C	G>T	T>A	T>C	T>G	->ACGT	ACGT>-
14	0.005487	0.007085	0.001685	0.003982	0.003369	0.004181	0.002352	0.002530	0.002783	0.002253	0.002414	0.004023	0.001998	0.000000
13	0.005053	0.004447	0.000887	0.003842	0.003398	0.002926	0.003191	0.002616	0.003662	0.003737	0.003087	0.002112	0.002536	0.000000
12	0.006529	0.007107	0.002268	0.004233	0.002872	0.002612	0.001045	0.002895	0.003685	0.003344	0.003025	0.002070	0.001852	0.000000
11	0.004156	0.004978	0.002980	0.003427	0.003278	0.004935	0.003377	0.001834	0.003144	0.003584	0.003421	0.001629	0.001852	0.000000
10	0.005647	0.004157	0.001986	0.003819	0.003666	0.003593	0.001540	0.003637	0.003897	0.003870	0.002903	0.002096	0.002879	0.000000
9	0.005673	0.005353	0.002354	0.003236	0.003972	0.001805	0.003094	0.002141	0.002944	0.004422	0.003112	0.001638	0.001755	0.000000
8	0.008401	0.004873	0.002588	0.002283	0.004414	0.001838	0.002363	0.001624	0.003519	0.002639	0.004502	0.002794	0.002047	0.000000
7	0.006403	0.006120	0.002049	0.006586	0.003512	0.005011	0.003619	0.002693	0.003427	0.003828	0.003162	0.002663	0.002096	0.000000
6	0.008201	0.003721	0.002090	0.004925	0.003284	0.003827	0.003007	0.002233	0.003225	0.005717	0.003267	0.003267	0.002438	0.000000
5	0.004638	0.003453	0.002301	0.004313	0.003163	0.002456	0.003001	0.002302	0.003453	0.005204	0.005024	0.003230	0.001363	0.000000
4	0.005676	0.003785	0.002782	0.004832	0.003221	0.007027	0.001892	0.003075	0.002839	0.004478	0.003789	0.001895	0.000486	0.000000
3	0.007586	0.005437	0.003626	0.003626	0.004061	0.004447	0.003662	0.002966	0.002966	0.004309	0.003619	0.003102	0.000292	0.000000
2	0.012600	0.006302	0.003600	0.006417	0.003443	0.003343	0.002571	0.003151	0.004363	0.002920	0.002920	0.003569	0.000243	0.000000
1	0.144855	0.009899	0.003391	0.006488	0.004276	0.005216	0.002371	0.003712	0.001980	0.006868	0.003253	0.002892	0.000049	0.000000
0	0.184876	0.013741	0.005621	0.007194	0.009667	0.004280	0.000815	0.005621	0.009369	0.003367	0.002993	0.001871	0.000000	0.000000
