# table produced by calculations.DamageProfiler
# using mapped file BIN032.A0101.SG1_rmdup.bam
# Sample ID: BIN032.A0101.SG1_rmdup.bam
Pos	C>T	G>A	A>C	A>G	A>T	C>A	C>G	G>C	G>T	T>A	T>C	T>G	->ACGT	ACGT>-
0	0.264740	0.007585	0.013505	0.006963	0.011184	0.005168	0.001879	0.010379	0.011976	0.003196	0.004298	0.000551	0.000000	0.000000
1	0.017539	0.005473	0.002398	0.006554	0.003676	0.004933	0.001918	0.003789	0.001263	0.004225	0.002873	0.002366	0.000000	0.000000
2	0.012094	0.004917	0.002570	0.004233	0.003779	0.003779	0.000756	0.003551	0.003824	0.005218	0.004902	0.002688	0.000194	0.000000
3	0.008997	0.005145	0.001339	0.004763	0.003125	0.003969	0.002646	0.003791	0.004062	0.003453	0.003296	0.001727	0.000389	0.000000
4	0.008416	0.007934	0.003157	0.001994	0.004487	0.003465	0.001238	0.004925	0.006019	0.003523	0.004110	0.002055	0.001121	0.000000
5	0.007489	0.004184	0.002910	0.005820	0.005335	0.005082	0.002407	0.002354	0.003923	0.003843	0.002513	0.001922	0.001365	0.000000
6	0.007194	0.004843	0.003198	0.004957	0.004957	0.003083	0.002312	0.002152	0.004574	0.002102	0.003454	0.000751	0.001023	0.000000
7	0.003532	0.006773	0.001864	0.006058	0.002796	0.004036	0.003027	0.003387	0.003870	0.003511	0.003176	0.003845	0.001365	0.000000
8	0.006655	0.006633	0.003352	0.004571	0.003657	0.002815	0.001792	0.001382	0.003317	0.002490	0.003424	0.002334	0.001219	0.000000
9	0.005571	0.004584	0.002582	0.003189	0.004556	0.003545	0.000760	0.002037	0.004584	0.003802	0.001653	0.003141	0.001463	0.000000
10	0.006871	0.003853	0.002273	0.003248	0.003410	0.003436	0.001227	0.002201	0.004953	0.004063	0.002709	0.003311	0.001365	0.000000
11	0.004023	0.004650	0.002603	0.005512	0.004440	0.003269	0.002263	0.002325	0.003617	0.004577	0.004086	0.002125	0.001903	0.000000
12	0.007331	0.005943	0.001397	0.003881	0.004192	0.003033	0.001011	0.003782	0.004862	0.004210	0.002963	0.001715	0.001609	0.000000
13	0.006293	0.005103	0.002276	0.004096	0.003186	0.002884	0.001311	0.004083	0.003572	0.003723	0.002428	0.001943	0.001854	0.000000
14	0.005080	0.005771	0.003098	0.005732	0.002943	0.002540	0.002032	0.002886	0.003410	0.003330	0.002854	0.002220	0.001365	0.000000
