# table produced by calculations.DamageProfiler
# using mapped file VEL003.B0101_rmdup.bam
# Sample ID: VEL003.B0101_rmdup.bam
Pos	C>T	G>A	A>C	A>G	A>T	C>A	C>G	G>C	G>T	T>A	T>C	T>G	->ACGT	ACGT>-
14	0.025818	0.000500	0.000230	0.000643	0.000115	0.000408	0.000165	0.000889	0.000983	0.000140	0.000506	0.000135	0.000010	0.000000
13	0.027067	0.000461	0.000201	0.000614	0.000129	0.000290	0.000142	0.000782	0.000799	0.000169	0.000538	0.000130	0.000003	0.000000
12	0.026758	0.000457	0.000237	0.000575	0.000140	0.000315	0.000114	0.000807	0.000920	0.000149	0.000557	0.000109	0.000008	0.000000
11	0.027431	0.000477	0.000209	0.000647	0.000097	0.000373	0.000119	0.001002	0.001254	0.000102	0.000556	0.000158	0.000010	0.000000
10	0.028446	0.000486	0.000280	0.000657	0.000145	0.000389	0.000162	0.001100	0.001278	0.000207	0.000580	0.000121	0.000014	0.000000
9	0.031783	0.000487	0.000262	0.000612	0.000170	0.000337	0.000201	0.001138	0.001568	0.000143	0.000616	0.000227	0.000017	0.000000
8	0.037438	0.000498	0.000199	0.000693	0.000157	0.000348	0.000180	0.001201	0.001365	0.000167	0.000558	0.000132	0.000017	0.000000
7	0.042750	0.000409	0.000218	0.000474	0.000204	0.000380	0.000130	0.001316	0.001532	0.000152	0.000602	0.000104	0.000026	0.000000
6	0.050770	0.000473	0.000227	0.000714	0.000170	0.000321	0.000109	0.001177	0.001474	0.000156	0.000467	0.000114	0.000027	0.000000
5	0.066533	0.000442	0.000266	0.000871	0.000138	0.000394	0.000145	0.001251	0.001251	0.000135	0.000549	0.000126	0.000038	0.000000
4	0.085023	0.000511	0.000272	0.000845	0.000178	0.000461	0.000219	0.001126	0.001275	0.000164	0.000625	0.000197	0.000017	0.000000
3	0.110008	0.000754	0.000351	0.001311	0.000219	0.000500	0.000244	0.001334	0.001464	0.000293	0.000735	0.000168	0.000017	0.000000
2	0.152722	0.001366	0.000412	0.002040	0.000379	0.001031	0.000297	0.001424	0.001641	0.000644	0.000928	0.000304	0.000001	0.000000
1	0.213889	0.002339	0.000641	0.003465	0.000532	0.001411	0.000734	0.001495	0.001162	0.001277	0.000842	0.000955	0.000000	0.000000
0	0.326873	0.008482	0.000540	0.004874	0.000692	0.003520	0.001170	0.001236	0.001589	0.002516	0.001166	0.001300	0.000000	0.000000
