# table produced by calculations.DamageProfiler
# using mapped file VEL003.B0101_rmdup.bam
# Sample ID: VEL003.B0101_rmdup.bam
Pos	C>T	G>A	A>C	A>G	A>T	C>A	C>G	G>C	G>T	T>A	T>C	T>G	->ACGT	ACGT>-
0	0.346871	0.000862	0.000935	0.002399	0.000390	0.000373	0.000124	0.002114	0.001236	0.000302	0.001192	0.000188	0.000000	0.000000
1	0.161165	0.000470	0.000176	0.001454	0.000121	0.000357	0.000179	0.000290	0.000451	0.000184	0.000559	0.000232	0.000004	0.000000
2	0.090505	0.000685	0.000247	0.000838	0.000159	0.000454	0.000287	0.000353	0.000502	0.000285	0.000734	0.000310	0.000003	0.000000
3	0.081643	0.000976	0.000344	0.001012	0.000286	0.000798	0.000441	0.000646	0.000994	0.000656	0.000779	0.000428	0.000013	0.000000
4	0.059856	0.000361	0.000075	0.000575	0.000075	0.000258	0.000124	0.000520	0.000587	0.000069	0.000451	0.000114	0.000016	0.000000
5	0.052358	0.000377	0.000143	0.000545	0.000067	0.000377	0.000084	0.000679	0.000835	0.000053	0.000509	0.000087	0.000016	0.000000
6	0.039371	0.000339	0.000100	0.000472	0.000082	0.000185	0.000101	0.000718	0.000851	0.000076	0.000447	0.000076	0.000005	0.000000
7	0.033687	0.000391	0.000153	0.000546	0.000065	0.000208	0.000112	0.000886	0.000761	0.000073	0.000523	0.000073	0.000013	0.000000
8	0.030631	0.000353	0.000107	0.000544	0.000042	0.000297	0.000121	0.000746	0.000965	0.000067	0.000468	0.000072	0.000003	0.000000
9	0.024953	0.000371	0.000063	0.000435	0.000044	0.000186	0.000064	0.000630	0.000816	0.000076	0.000371	0.000066	0.000005	0.000000
10	0.023625	0.000291	0.000117	0.000487	0.000054	0.000201	0.000079	0.000644	0.000767	0.000066	0.000464	0.000092	0.000009	0.000000
11	0.024021	0.001413	0.001019	0.001141	0.000451	0.001384	0.000706	0.001573	0.001143	0.001106	0.001511	0.000888	0.000006	0.000000
12	0.022735	0.000337	0.000079	0.000435	0.000065	0.000263	0.000055	0.000662	0.000782	0.000040	0.000440	0.000091	0.000010	0.000000
13	0.023310	0.000272	0.000089	0.000426	0.000047	0.000198	0.000099	0.000641	0.000715	0.000056	0.000491	0.000081	0.000006	0.000000
14	0.024604	0.000293	0.000112	0.000531	0.000019	0.000187	0.000088	0.000749	0.000794	0.000036	0.000516	0.000087	0.000004	0.000000
