# table produced by calculations.DamageProfiler
# using mapped file Ua9_rmdup.bam
# Sample ID: Ua9_rmdup.bam
Pos	C>T	G>A	A>C	A>G	A>T	C>A	C>G	G>C	G>T	T>A	T>C	T>G	->ACGT	ACGT>-
14	0.002520	0.011332	0.000229	0.000446	0.000317	0.000674	0.000233	0.000252	0.000466	0.000288	0.000448	0.000512	0.000017	0.000000
13	0.002034	0.011633	0.000114	0.000270	0.000197	0.000525	0.000185	0.000140	0.000211	0.000151	0.000377	0.000120	0.000025	0.000000
12	0.002157	0.012266	0.000155	0.000376	0.000193	0.000640	0.000217	0.000163	0.000396	0.000302	0.000430	0.000258	0.000044	0.000000
11	0.002118	0.012639	0.000173	0.000309	0.000195	0.000611	0.000168	0.000110	0.000335	0.000303	0.000462	0.000202	0.000089	0.000000
10	0.002312	0.012707	0.000127	0.000349	0.000238	0.000741	0.000229	0.000201	0.000397	0.000283	0.000497	0.000204	0.000094	0.000000
9	0.002328	0.013779	0.000245	0.000401	0.000245	0.000788	0.000239	0.000247	0.000437	0.000408	0.000694	0.000307	0.000151	0.000000
8	0.002292	0.014355	0.000339	0.000451	0.000278	0.000922	0.000348	0.000403	0.000374	0.000529	0.000789	0.000386	0.000217	0.000000
7	0.002091	0.014831	0.000292	0.000512	0.000286	0.001137	0.000505	0.000422	0.000506	0.000565	0.000758	0.000491	0.000264	0.000000
6	0.002216	0.016551	0.000489	0.000607	0.000383	0.000973	0.000489	0.000752	0.000544	0.000685	0.002054	0.000570	0.000358	0.000000
5	0.001611	0.018766	0.000501	0.000725	0.000584	0.002333	0.000663	0.000781	0.000760	0.002035	0.001288	0.000719	0.000371	0.000000
4	0.002461	0.019580	0.000526	0.000882	0.001382	0.002014	0.000977	0.000809	0.001756	0.001153	0.001363	0.000832	0.000113	0.000000
3	0.003267	0.025107	0.000834	0.000944	0.001442	0.002137	0.001495	0.001064	0.002067	0.001324	0.001701	0.001096	0.000075	0.000000
2	0.002481	0.023598	0.000822	0.001880	0.000958	0.002676	0.002837	0.000983	0.001341	0.001439	0.001677	0.002184	0.000073	0.000000
1	0.001760	0.034190	0.001014	0.002167	0.001124	0.001785	0.002723	0.001522	0.001628	0.001647	0.002107	0.002599	0.000043	0.000000
0	0.001865	0.022403	0.002532	0.002064	0.001618	0.001973	0.001668	0.001514	0.001134	0.001745	0.003496	0.001748	0.000000	0.000000
