# table produced by calculations.DamageProfiler
# using mapped file Ua9_rmdup.bam
# Sample ID: Ua9_rmdup.bam
Pos	C>T	G>A	A>C	A>G	A>T	C>A	C>G	G>C	G>T	T>A	T>C	T>G	->ACGT	ACGT>-
0	0.022261	0.001076	0.000861	0.001345	0.000781	0.000515	0.000347	0.000910	0.000602	0.000889	0.001176	0.000515	0.000000	0.000000
1	0.034294	0.001112	0.000662	0.001053	0.000784	0.001109	0.000482	0.000727	0.000857	0.000639	0.000694	0.000325	0.000018	0.000000
2	0.023192	0.001423	0.000477	0.000723	0.000672	0.000932	0.000239	0.000523	0.000944	0.000546	0.000537	0.000185	0.000018	0.000000
3	0.025483	0.001245	0.000232	0.000712	0.000706	0.000806	0.000283	0.000289	0.000887	0.000457	0.000310	0.000139	0.000045	0.000000
4	0.019668	0.000996	0.000241	0.000702	0.000461	0.000659	0.000289	0.000214	0.000771	0.000371	0.000356	0.000151	0.000074	0.000000
5	0.017973	0.001457	0.000233	0.000561	0.000435	0.000557	0.000215	0.000216	0.000716	0.000216	0.000304	0.000225	0.000043	0.000000
6	0.015573	0.003362	0.000171	0.000678	0.000242	0.000409	0.000251	0.000179	0.000384	0.000185	0.000213	0.000148	0.000050	0.000000
7	0.013517	0.004108	0.000208	0.000405	0.000194	0.000409	0.000144	0.000212	0.000358	0.000153	0.000343	0.000090	0.000021	0.000000
8	0.012494	0.004130	0.000155	0.000368	0.000186	0.000413	0.000185	0.000170	0.000360	0.000133	0.000315	0.000136	0.000014	0.000000
9	0.011340	0.004299	0.000193	0.000365	0.000279	0.000558	0.000174	0.000186	0.000413	0.000232	0.000320	0.000179	0.000014	0.000000
10	0.011413	0.004760	0.000225	0.000434	0.000215	0.000545	0.000258	0.000187	0.000468	0.000260	0.000331	0.000254	0.000008	0.000000
11	0.010671	0.004757	0.000117	0.000333	0.000200	0.000397	0.000081	0.000159	0.000405	0.000115	0.000326	0.000095	0.000005	0.000000
12	0.010164	0.004840	0.000119	0.000333	0.000197	0.000427	0.000141	0.000176	0.000342	0.000150	0.000312	0.000099	0.000003	0.000000
13	0.009935	0.004624	0.000099	0.000316	0.000167	0.000453	0.000109	0.000109	0.000278	0.000118	0.000313	0.000070	0.000005	0.000000
14	0.009445	0.004638	0.000123	0.000292	0.000159	0.000457	0.000126	0.000111	0.000300	0.000117	0.000326	0.000091	0.000004	0.000000
