# table produced by DamageProfiler
# using mapped file RickettsiaFelis_Aligned.sorted.dedup.bam
# Sample ID: RickettsiaFelis_Aligned.sorted.dedup.bam
Pos	C>T	G>A	A>C	A>G	A>T	C>A	C>G	G>C	G>T	T>A	T>C	T>G	->ACGT	ACGT>-
24	0.000519	0.001574	0.000785	0.001047	0.000131	0.000778	0.000000	0.000262	0.001312	0.000000	0.000128	0.000898	0.000043	0.000000
23	0.000529	0.000513	0.000913	0.000391	0.000391	0.000794	0.000794	0.000257	0.002309	0.000000	0.000773	0.000773	0.000130	0.000000
22	0.001045	0.000257	0.001290	0.000516	0.000129	0.001567	0.000261	0.000257	0.002314	0.000131	0.000131	0.000393	0.000000	0.000000
21	0.001299	0.000254	0.000646	0.000646	0.000517	0.000779	0.001039	0.000254	0.001272	0.000132	0.000395	0.000132	0.000000	0.000000
20	0.000000	0.000524	0.000786	0.000786	0.000524	0.001565	0.001043	0.000786	0.001311	0.000256	0.000128	0.000256	0.000087	0.000000
19	0.000512	0.001041	0.000651	0.000911	0.000391	0.000512	0.000512	0.001041	0.002341	0.000260	0.001042	0.000130	0.000043	0.000000
18	0.000534	0.000781	0.001014	0.000380	0.000254	0.001069	0.000267	0.000781	0.001302	0.000131	0.000524	0.000393	0.000043	0.000000
17	0.000267	0.000517	0.000645	0.000387	0.000258	0.002668	0.000267	0.000517	0.001293	0.000000	0.000645	0.000258	0.000000	0.000000
16	0.000802	0.000505	0.001154	0.000128	0.000128	0.000267	0.000267	0.000757	0.002775	0.000000	0.000526	0.000394	0.000000	0.000000
15	0.000514	0.000768	0.000907	0.000648	0.000648	0.001542	0.000257	0.001280	0.003585	0.000000	0.001977	0.000527	0.000043	0.000000
14	0.000794	0.001819	0.001292	0.000646	0.000646	0.000530	0.000000	0.001039	0.003118	0.000517	0.000258	0.000388	0.000087	0.000000
13	0.000261	0.001008	0.001321	0.000661	0.000793	0.001044	0.000783	0.000756	0.002269	0.000000	0.000646	0.000258	0.000043	0.000000
12	0.000508	0.000536	0.000643	0.000643	0.000129	0.001524	0.000508	0.000804	0.002412	0.000261	0.000652	0.000391	0.000043	0.000000
11	0.000531	0.000509	0.000519	0.000389	0.000389	0.001328	0.000531	0.000255	0.002291	0.000130	0.001299	0.000649	0.000043	0.000000
10	0.000547	0.001500	0.001260	0.000630	0.000252	0.001914	0.000820	0.000750	0.003499	0.000133	0.001065	0.000932	0.000043	0.000000
9	0.001593	0.001565	0.001018	0.001018	0.000509	0.001858	0.000000	0.000783	0.002870	0.000261	0.000784	0.000654	0.000043	0.000000
8	0.001361	0.001045	0.000893	0.000510	0.000383	0.001361	0.000272	0.001307	0.003397	0.000515	0.001416	0.000257	0.000043	0.000000
7	0.000791	0.001025	0.001286	0.000772	0.000514	0.002108	0.001318	0.000769	0.003331	0.000262	0.001179	0.000786	0.000087	0.000000
6	0.000789	0.001599	0.001039	0.000909	0.000519	0.001578	0.000263	0.001599	0.003197	0.000255	0.000510	0.000382	0.000130	0.000000
5	0.001320	0.001297	0.001159	0.000515	0.000644	0.001056	0.000792	0.001297	0.001556	0.000650	0.001299	0.000780	0.000000	0.000000
4	0.000771	0.002603	0.001936	0.000775	0.000904	0.002056	0.000257	0.001302	0.001302	0.000918	0.000524	0.000656	0.000087	0.000000
3	0.002394	0.001796	0.001464	0.000976	0.001220	0.002128	0.001330	0.001026	0.003335	0.001379	0.001103	0.001517	0.000000	0.000000
2	0.001742	0.001817	0.001053	0.000936	0.000819	0.001493	0.000747	0.001557	0.003893	0.000897	0.000897	0.001197	0.000000	0.000000
1	0.001077	0.002096	0.001657	0.001242	0.001242	0.003231	0.001077	0.001397	0.001397	0.002165	0.001588	0.001011	0.000000	0.000000
0	0.062512	0.385120	0.023464	0.022892	0.045212	0.485031	0.034080	0.023796	0.051969	0.492358	0.040571	0.038660	0.000000	0.000000
