# table produced by DamageProfiler
# using mapped file RickettsiaFelis_Aligned.sorted.dedup.bam
# Sample ID: RickettsiaFelis_Aligned.sorted.dedup.bam
Pos	C>T	G>A	A>C	A>G	A>T	C>A	C>G	G>C	G>T	T>A	T>C	T>G	->ACGT	ACGT>-
0	0.005595	0.006363	0.005076	0.006860	0.013033	0.004700	0.002238	0.004926	0.009442	0.005557	0.002007	0.004168	0.000000	0.000000
1	0.000259	0.000000	0.000451	0.000451	0.001202	0.000776	0.000000	0.001244	0.000747	0.000000	0.000583	0.000467	0.000000	0.000000
2	0.000522	0.001322	0.000419	0.000419	0.000279	0.000783	0.000261	0.000264	0.000000	0.000480	0.000600	0.000120	0.000000	0.000000
3	0.000528	0.000761	0.000000	0.000675	0.000405	0.000528	0.000000	0.000507	0.000507	0.000126	0.000502	0.000628	0.000043	0.000000
4	0.000260	0.000543	0.000131	0.000784	0.000261	0.000000	0.000260	0.000000	0.001087	0.000252	0.000757	0.000252	0.000000	0.000000
5	0.000791	0.000789	0.000254	0.000381	0.000000	0.000791	0.000000	0.000000	0.001579	0.000000	0.000262	0.000262	0.000043	0.000000
6	0.000515	0.000262	0.000254	0.000636	0.000000	0.000515	0.000000	0.000525	0.000262	0.000132	0.000132	0.000000	0.000000	0.000000
7	0.001055	0.000263	0.000131	0.000262	0.000131	0.000000	0.000000	0.000526	0.001052	0.000000	0.000508	0.000381	0.000000	0.000000
8	0.000788	0.000000	0.000000	0.000912	0.000000	0.000000	0.000000	0.000000	0.000792	0.000128	0.000383	0.000638	0.000000	0.000000
9	0.000000	0.000519	0.000000	0.000665	0.000000	0.000991	0.000248	0.000260	0.001299	0.000130	0.000519	0.000649	0.000043	0.000000
10	0.000000	0.000000	0.000000	0.000929	0.000000	0.000506	0.000000	0.000266	0.000531	0.000255	0.000127	0.000255	0.000000	0.000000
11	0.001317	0.000259	0.000384	0.000384	0.000000	0.000527	0.000000	0.000259	0.001035	0.000000	0.000523	0.000000	0.000043	0.000000
12	0.000501	0.000524	0.000000	0.000132	0.000000	0.000000	0.000251	0.000262	0.000786	0.000129	0.000129	0.000388	0.000000	0.000000
13	0.000997	0.000000	0.000132	0.000264	0.000000	0.000249	0.000000	0.000000	0.000795	0.000000	0.000129	0.000388	0.000000	0.000000
14	0.000000	0.000517	0.000000	0.000130	0.000130	0.000000	0.000780	0.000000	0.000517	0.000259	0.000648	0.000259	0.000000	0.000000
15	0.000000	0.001041	0.000263	0.000920	0.000000	0.001246	0.000000	0.000000	0.000520	0.000000	0.000524	0.000393	0.000043	0.000000
16	0.000253	0.000000	0.000523	0.000131	0.000262	0.001013	0.000000	0.000000	0.000539	0.000000	0.000513	0.000128	0.000000	0.000000
17	0.000519	0.000259	0.000131	0.000523	0.000000	0.000259	0.000000	0.000000	0.000777	0.000000	0.000387	0.000000	0.000000	0.000000
18	0.000504	0.000273	0.000131	0.000393	0.000000	0.001007	0.000000	0.000000	0.000273	0.000000	0.000128	0.000511	0.000000	0.000000
19	0.000000	0.000000	0.000000	0.000386	0.000257	0.000255	0.000000	0.000000	0.000530	0.000000	0.000131	0.000262	0.000000	0.000000
20	0.000000	0.001259	0.000000	0.000651	0.000000	0.000796	0.000796	0.000000	0.001007	0.000000	0.000260	0.000130	0.000000	0.000000
21	0.000000	0.000000	0.000526	0.000263	0.000132	0.000502	0.000502	0.000000	0.000510	0.000000	0.000526	0.000132	0.000000	0.000000
22	0.000755	0.000789	0.000263	0.000657	0.000263	0.000000	0.000000	0.000000	0.000526	0.000000	0.000648	0.000259	0.000000	0.000000
23	0.000783	0.000263	0.000000	0.000655	0.000000	0.000522	0.000261	0.000000	0.000000	0.000000	0.000000	0.000000	0.000000	0.000000
24	0.001013	0.000261	0.000262	0.000394	0.000131	0.000507	0.000253	0.000261	0.001042	0.000000	0.000390	0.000130	0.000087	0.000000
